1	2
1	6
1	7
1	9
1	10
1	11
1	17
1	20
1	25
1	26
1	27
1	38
1	42
1	44
1	47
1	52
1	53
1	56
1	58
1	60
1	61
1	67
1	69
1	70
1	72
1	74
1	77
1	81
1	84
1	87
1	89
1	92
1	96
1	97
1	101
1	106
1	110
1	114
1	116
1	121
1	129
1	130
1	131
1	132
1	136
1	140
1	144
1	146
1	149
1	150
1	151
1	156
1	160
1	162
1	166
1	171
1	173
1	175
1	178
1	181
1	186
1	189
1	192
1	205
1	214
1	218
1	223
1	228
1	229
1	230
1	235
1	239
1	241
1	248
1	249
1	260
1	262
1	269
1	272
1	274
1	283
1	289
1	295
1	296
1	297
1	299
1	302
1	304
1	311
1	313
1	316
1	318
1	319
1	320
1	322
1	323
1	326
1	327
1	332
1	339
1	349
1	354
1	360
1	362
1	366
1	370
1	371
1	372
1	373
1	375
1	377
1	378
1	381
1	385
1	408
1	417
1	419
1	428
1	429
1	433
1	438
1	469
1	489
1	497
1	499
1	506
1	508
1	517
1	543
1	553
1	567
1	580
1	588
1	591
1	597
1	598
4	79
5	491
6	9
6	41
6	88
6	112
6	362
6	539
6	585
7	15
7	24
7	36
7	47
7	58
7	79
7	90
7	96
7	175
7	214
7	252
7	342
7	363
7	375
7	385
7	400
7	427
7	504
7	512
7	569
7	595
7	598
10	31
10	42
10	51
10	53
10	75
10	79
10	96
10	227
10	412
10	560
11	14
11	16
11	22
11	33
11	34
11	96
11	114
11	155
11	167
11	230
11	272
11	372
11	380
11	499
11	601
13	19
13	23
14	23
14	167
14	216
14	227
14	502
14	521
15	31
16	56
17	210
17	230
17	249
17	310
19	23
19	45
19	57
20	45
20	48
20	62
20	155
20	479
21	27
21	54
21	70
21	94
23	150
25	39
25	44
25	46
25	73
25	90
25	108
25	136
25	162
25	163
25	175
25	181
25	201
25	217
25	230
25	254
25	260
25	272
25	274
25	286
25	297
25	316
25	325
25	362
25	370
25	371
25	397
25	428
25	470
25	542
25	555
26	30
26	38
26	45
26	47
26	48
26	51
26	53
26	54
26	56
26	57
26	62
26	63
26	64
26	65
26	70
26	72
26	82
26	84
26	85
26	87
26	94
26	97
26	103
26	105
26	115
26	116
26	123
26	124
26	125
26	129
26	136
26	140
26	144
26	150
26	155
26	161
26	167
26	168
26	178
26	180
26	186
26	201
26	206
26	209
26	211
26	214
26	216
26	217
26	254
26	267
26	268
26	270
26	281
26	282
26	287
26	303
26	306
26	323
26	325
26	344
26	354
26	360
26	363
26	366
26	371
26	372
26	378
26	391
26	499
26	509
26	545
26	581
26	593
28	43
28	58
28	63
28	74
28	85
28	114
28	230
29	43
29	47
29	51
29	58
29	70
29	73
29	74
29	115
29	121
29	149
29	162
29	171
29	186
29	217
29	254
29	282
29	316
29	325
29	342
29	390
29	427
30	84
30	87
30	114
30	115
30	124
30	234
30	537
31	56
31	84
31	144
31	238
31	269
31	279
33	96
33	211
34	96
34	153
34	230
34	387
35	39
35	44
35	75
35	90
35	107
35	108
35	127
35	136
35	174
35	180
35	182
35	184
35	192
35	199
35	201
35	206
35	217
35	223
35	230
35	236
35	248
35	254
35	258
35	260
35	261
35	264
35	267
35	268
35	270
35	272
35	274
35	279
35	282
35	285
35	289
35	297
35	298
35	301
35	302
35	303
35	305
35	312
35	313
35	315
35	316
35	318
35	319
35	324
35	325
35	326
35	334
35	339
35	343
35	344
35	347
35	348
35	354
35	355
35	361
35	362
35	367
35	370
35	371
35	373
35	375
35	380
35	381
35	382
35	385
35	386
35	387
35	391
35	394
35	397
35	398
35	403
35	404
35	408
35	416
35	420
35	422
35	424
35	426
35	427
35	428
35	429
35	432
35	435
35	437
35	438
35	441
35	442
35	446
35	447
35	448
35	453
35	454
35	457
35	462
35	467
35	470
35	477
35	487
35	494
35	496
35	497
35	502
35	504
35	506
35	507
35	511
35	514
35	520
35	524
35	525
35	526
35	527
35	529
35	531
35	536
35	537
35	538
35	540
35	542
35	543
35	544
35	545
35	546
35	549
35	557
35	562
35	566
35	568
35	569
35	572
35	573
35	577
35	580
35	582
35	586
35	590
35	592
35	593
35	595
35	597
35	599
35	600
35	601
35	602
35	604
38	90
38	144
38	205
39	44
39	47
39	51
39	63
39	73
39	96
39	146
39	153
39	184
39	230
39	231
39	295
39	311
39	339
39	353
39	387
39	421
39	443
39	463
39	524
40	230
41	56
41	144
41	249
43	66
43	96
43	107
43	161
43	171
43	186
43	240
43	268
43	320
43	427
43	529
43	569
44	63
44	73
44	90
44	107
44	153
44	162
44	171
44	175
44	196
44	230
44	324
44	371
44	379
44	421
44	441
45	57
45	296
46	230
48	54
48	64
48	105
48	110
48	124
48	150
48	168
49	56
49	68
49	87
49	115
49	144
49	238
50	144
51	61
51	73
51	82
51	84
51	87
51	111
51	114
51	195
51	217
51	230
51	287
51	312
51	325
51	327
51	344
51	392
51	421
51	427
51	512
51	553
53	82
53	103
53	176
54	82
54	88
54	104
54	105
54	112
54	162
54	167
54	179
54	196
55	144
55	163
55	230
55	238
55	247
56	63
56	179
56	211
56	230
56	412
58	214
58	381
60	67
60	92
60	96
60	115
60	121
60	131
60	173
60	203
60	223
60	231
60	248
60	260
60	334
60	382
60	421
60	440
60	454
60	462
60	489
60	567
60	591
60	593
61	123
61	438
62	65
62	70
62	84
62	94
62	97
62	103
62	105
62	124
62	144
62	150
62	168
62	178
62	216
62	281
62	360
63	68
63	144
63	174
63	196
63	230
64	103
64	110
65	94
65	103
66	85
66	87
66	97
66	99
66	114
66	124
66	129
66	133
66	144
66	147
66	148
66	186
66	193
66	225
66	230
66	287
66	323
66	356
66	364
66	390
66	415
67	121
67	132
67	136
67	137
67	139
67	151
67	173
67	211
67	215
67	225
67	230
67	264
67	274
67	297
67	298
67	327
67	358
67	362
67	371
67	378
67	397
67	421
67	434
67	469
67	474
67	497
67	500
67	532
67	542
67	553
67	555
67	591
67	600
67	601
68	87
68	115
68	144
69	240
70	103
70	105
70	168
70	208
70	246
71	101
71	111
71	144
71	230
71	249
72	85
72	100
72	101
72	102
72	130
72	132
72	133
72	135
72	138
72	140
72	149
72	150
72	151
72	171
72	183
72	185
72	186
72	187
72	195
72	201
72	205
72	213
72	223
72	227
72	229
72	241
72	245
72	248
72	254
72	260
72	263
72	286
72	287
72	302
72	304
72	311
72	314
72	318
72	323
72	324
72	325
72	327
72	333
72	344
72	347
72	372
72	377
72	380
72	382
72	394
72	397
72	404
72	415
72	427
72	433
72	453
72	469
72	497
72	512
72	537
72	580
72	581
72	588
72	593
72	595
72	597
72	603
73	96
73	107
73	149
73	162
73	230
73	234
73	277
73	339
73	353
73	370
73	428
73	520
73	600
74	114
74	115
74	121
74	130
74	131
74	143
74	173
74	211
74	230
74	276
74	327
74	555
75	187
75	323
75	324
75	347
75	348
75	370
75	380
75	381
75	383
75	424
75	425
75	426
75	428
75	463
75	474
75	484
75	512
75	514
75	537
75	543
75	561
75	562
75	568
75	576
75	578
75	590
75	598
75	604
76	216
77	144
77	160
77	162
77	196
77	240
77	590
78	124
78	171
78	249
78	287
79	126
81	144
81	238
82	97
82	105
82	124
82	161
82	194
83	144
83	230
83	319
84	117
84	146
84	217
84	378
85	128
85	171
86	167
87	97
87	114
87	128
87	132
87	151
87	171
87	234
87	311
87	323
87	381
87	530
88	112
89	127
90	201
90	230
90	269
90	270
90	297
90	339
90	362
90	389
90	428
90	470
90	555
91	144
91	159
91	227
91	230
91	274
91	326
91	350
91	354
94	103
94	150
94	281
94	360
94	460
95	144
95	192
95	230
95	302
95	327
97	117
97	161
97	171
97	214
97	223
97	224
97	225
97	232
97	244
97	248
97	249
97	260
97	269
97	278
97	279
97	286
97	287
97	304
97	311
97	312
97	313
97	314
97	318
97	349
97	422
97	426
97	434
97	468
97	485
97	530
97	536
97	567
97	572
98	125
98	150
98	162
98	295
98	339
99	144
99	356
99	415
100	113
100	157
100	169
100	255
100	321
101	144
101	151
101	230
101	238
101	245
101	249
101	302
101	590
102	144
102	163
102	230
102	238
102	249
102	311
103	176
104	144
104	179
104	269
104	305
104	566
105	144
105	150
105	176
105	178
105	194
105	206
105	216
105	239
105	246
105	269
105	281
105	306
105	318
105	332
105	337
105	342
105	349
105	362
105	378
105	391
105	397
105	417
105	489
105	595
105	603
106	206
107	144
107	210
107	230
107	242
107	249
107	318
107	333
107	529
108	144
108	284
109	184
109	261
109	315
109	428
109	563
110	144
111	160
111	240
111	271
116	186
116	190
116	201
116	214
116	239
116	241
116	255
116	306
116	323
116	349
116	545
116	603
117	215
117	377
117	600
119	193
119	230
119	245
119	287
121	200
121	211
121	230
121	421
122	167
122	230
122	277
123	147
123	162
123	178
123	180
123	190
123	204
123	207
123	227
123	230
123	262
123	295
123	311
123	313
123	314
123	339
123	364
123	548
124	228
124	356
124	415
125	202
125	238
125	269
125	278
125	566
127	217
127	303
127	316
127	325
127	427
127	562
127	569
127	573
130	131
130	173
131	196
131	204
131	211
131	274
131	299
131	326
131	327
131	333
131	440
131	547
132	173
132	276
134	143
135	167
135	229
135	234
135	299
135	339
135	412
135	422
135	441
135	512
135	523
135	595
136	173
136	174
136	201
136	209
136	223
136	230
136	248
136	270
136	272
136	297
136	326
136	362
136	370
136	371
136	397
136	428
136	470
136	555
138	185
138	226
138	548
139	238
139	274
139	316
139	377
139	400
140	333
141	230
141	238
144	211
144	216
144	230
147	195
147	231
147	348
147	532
149	162
149	181
149	230
149	295
149	591
150	220
150	246
152	269
152	369
153	230
153	304
153	327
153	367
153	484
156	227
156	230
156	246
156	297
156	304
156	322
156	370
156	428
157	255
157	321
158	418
160	240
160	324
162	230
162	277
162	286
162	295
165	201
165	211
167	193
167	201
167	205
167	209
167	284
167	287
167	290
167	333
167	342
167	434
167	512
167	581
168	208
168	229
168	246
171	190
171	249
171	311
171	512
172	291
172	515
173	185
173	211
173	230
173	311
173	358
173	363
173	378
173	391
173	600
175	200
175	311
175	324
175	353
176	201
177	230
179	305
179	526
181	193
181	201
181	230
181	272
181	277
181	295
181	339
181	362
181	371
181	470
181	590
182	369
182	410
182	418
182	477
183	190
183	269
183	297
183	324
183	369
183	370
183	390
185	230
185	274
185	276
185	286
185	319
185	333
185	347
185	386
185	498
187	474
187	578
192	217
192	302
192	313
192	600
193	195
193	206
193	217
193	239
193	306
193	349
193	515
194	246
195	231
195	233
195	260
195	274
195	284
195	286
195	289
195	326
195	338
195	342
195	357
195	378
195	433
195	440
195	447
195	455
195	478
195	500
195	512
195	521
195	581
198	286
198	434
198	521
201	227
201	269
201	270
201	286
201	312
201	319
201	389
201	421
202	269
202	278
202	317
202	343
202	417
204	286
205	229
205	290
205	353
206	225
206	230
206	234
206	253
206	306
206	353
206	370
206	470
209	238
209	269
209	286
209	302
211	234
211	249
211	312
211	485
211	549
211	572
212	260
213	324
213	369
214	237
214	531
216	220
216	286
217	260
217	272
217	273
217	282
217	286
217	302
217	303
217	316
217	325
217	338
217	347
217	354
217	371
217	377
217	378
217	380
217	384
217	404
217	412
217	427
217	441
217	451
217	489
217	502
217	512
217	537
217	547
217	552
217	569
217	572
217	573
217	580
217	586
217	588
217	590
217	595
217	597
217	601
222	235
223	248
223	512
224	230
225	235
226	249
226	287
226	369
228	450
229	274
229	299
229	328
229	342
229	378
229	512
230	310
230	318
230	445
230	529
231	233
231	327
231	338
231	440
231	447
231	478
231	500
231	532
233	274
233	325
233	338
233	344
233	428
233	440
233	447
233	478
233	500
236	319
239	296
239	300
239	306
239	311
239	319
239	332
239	337
239	339
239	342
239	352
239	366
239	375
239	378
239	384
239	385
239	395
239	408
239	417
239	425
239	427
239	429
239	433
239	445
239	456
239	485
239	499
239	508
239	522
239	529
239	603
240	308
240	346
242	318
243	445
244	294
244	349
244	391
244	426
244	479
244	530
244	553
245	319
245	445
245	485
251	335
251	546
251	547
254	272
254	274
254	289
254	325
254	338
254	344
254	380
254	404
254	427
254	434
254	499
254	500
254	532
254	573
254	588
255	321
255	329
266	327
266	555
267	499
268	369
268	451
268	588
269	278
269	566
269	595
270	428
270	470
270	555
271	392
271	436
271	498
272	303
272	362
272	369
272	371
272	372
272	380
272	427
272	470
272	555
272	573
273	348
273	491
273	573
274	297
274	371
274	440
274	478
274	489
274	555
274	593
274	597
276	297
276	555
276	605
277	295
279	417
279	434
279	451
279	566
280	605
281	460
282	354
282	363
282	380
282	395
282	427
282	512
282	547
282	593
284	341
289	380
289	451
297	358
297	362
297	600
299	328
300	342
300	378
300	456
301	413
301	414
302	512
303	344
303	380
303	404
303	427
303	537
303	569
303	573
303	580
303	588
303	590
303	601
306	421
306	530
308	346
308	392
308	421
308	423
308	426
312	408
313	434
318	365
319	445
322	421
322	499
323	351
323	540
325	421
325	562
325	569
325	580
326	421
326	509
327	412
327	424
327	435
327	572
329	480
332	489
335	451
335	484
335	574
337	342
338	380
338	478
338	532
341	434
341	588
342	529
342	542
342	553
343	386
347	426
347	484
348	373
348	375
348	378
348	385
348	408
348	427
348	430
348	478
348	500
348	529
348	532
348	572
348	601
349	380
349	391
349	479
350	499
353	487
355	470
355	550
356	415
357	447
357	500
358	517
358	555
360	460
360	533
360	542
361	420
362	397
362	421
362	427
362	434
362	438
362	470
362	555
362	581
362	590
362	593
362	600
362	604
364	390
367	427
368	529
369	515
369	570
369	595
370	421
370	428
370	555
370	590
371	421
371	427
371	434
371	500
371	569
371	573
371	575
371	586
371	597
373	385
373	421
373	540
373	576
373	588
374	421
375	385
375	408
375	421
376	435
380	435
380	502
380	511
380	552
380	562
380	568
380	569
380	597
380	598
382	427
383	404
383	562
383	588
384	562
384	590
385	535
387	604
392	436
395	421
397	581
404	407
404	484
405	493
405	497
405	531
405	536
405	555
405	583
407	457
407	507
408	506
408	598
412	512
412	536
412	540
419	553
422	540
423	503
425	530
427	562
427	569
427	574
427	586
428	497
428	517
428	538
428	542
428	555
428	571
428	576
429	529
429	586
430	506
430	536
430	586
435	568
439	469
440	447
440	489
440	500
440	580
440	581
442	526
447	478
447	500
451	512
452	574
456	522
462	562
464	592
474	578
477	553
482	525
507	568
507	569
507	583
511	576
512	590
526	598
530	542
537	562
541	569
544	574
544	588
555	571
562	569
562	573
580	604
590	604
